P1 0.12 1.03 0.45
P2 -0.88 0.50 0.19
P3 0.66 -0.75 0.32
P4 1.12 0.26 0.91
P5 -0.34 -0.64 0.58
P6 0.77 1.22 0.47
P7 -0.58 0.94 0.22
P8 0.95 -0.37 0.81
P9 -1.02 0.74 0.65
P10 0.21 -0.84 0.29
P11 -0.48 -1.09 0.70
P12 0.88 -0.64 0.13
P13 1.00 0.55 0.41
P14 -0.33 0.71 0.88
P15 0.74 -0.22 0.50
P16 -0.42 -0.93 0.36
P17 1.10 0.12 0.67
P18 0.55 0.92 0.54
P19 -0.95 0.38 0.47
P20 0.64 -0.91 0.59
P21 -1.04 -0.56 0.22
P22 0.73 0.86 0.72
P23 -0.51 1.01 0.64
P24 0.59 -1.15 0.27
P25 0.97 0.43 0.82
P26 -0.74 -0.68 0.47
P27 0.33 1.06 0.18
P28 -0.61 0.25 0.77
P29 0.88 -0.45 0.62
P30 -0.91 0.79 0.49
P31 1.20 -0.30 0.33
P32 -0.39 1.10 0.75
P33 0.41 -0.71 0.53
P34 -0.66 0.95 0.26
P35 0.83 -1.08 0.37
P36 0.52 0.91 0.90
P37 -1.12 -0.24 0.57
P38 0.48 0.60 0.31
P39 -0.75 -0.82 0.46
P40 1.08 0.33 0.25
P41 -0.64 1.23 0.77
P42 0.53 -0.90 0.58
P43 0.95 0.41 0.63
P44 -0.22 -1.11 0.55
P45 0.88 0.69 0.72
P46 -0.79 0.34 0.49
P47 0.64 -0.87 0.66
P48 -1.06 0.61 0.60
P49 0.36 0.93 0.20
P50 -0.57 -0.69 0.91
P51 0.94 1.12 0.63
P52 -0.88 0.44 0.46
P53 0.79 -1.04 0.52
P54 1.03 0.50 0.58
P55 -0.62 -0.73 0.35
P56 0.43 0.81 0.68
P57 -0.96 0.29 0.22
P58 0.83 -0.55 0.80
P59 -1.07 0.71 0.41
P60 0.71 -0.91 0.66
P61 -0.33 1.09 0.52
P62 0.87 0.37 0.44
P63 -0.77 -0.68 0.58
P64 0.91 0.80 0.75
P65 -0.64 -0.43 0.69
P66 1.05 0.28 0.25
P67 -0.55 0.93 0.54
P68 0.68 -0.77 0.38
P69 -1.01 0.63 0.82
P70 0.74 0.95 0.29
P71 -0.58 0.42 0.64
P72 0.93 -0.88 0.73
P73 0.51 1.10 0.35
P74 -0.81 -0.49 0.57
P75 0.79 -1.15 0.41
P76 1.09 0.33 0.22
P77 -0.44 0.96 0.87
P78 0.61 -0.73 0.63
P79 -0.98 0.52 0.58
P80 0.85 0.68 0.44
P81 -0.72 -0.91 0.77
P82 0.56 0.97 0.48
P83 -1.03 0.39 0.60
P84 0.64 -0.92 0.69
P85 0.99 0.73 0.54
P86 -0.69 0.83 0.35
P87 0.72 -0.84 0.49
P88 -1.08 0.47 0.71
P89 0.39 0.92 0.67
P90 -0.63 -0.55 0.43
P91 0.83 0.76 0.25
P92 -0.85 0.64 0.62
P93 0.94 -0.41 0.58
P94 -1.00 0.88 0.36
P95 0.76 -0.92 0.47
P96 1.05 0.29 0.84
P97 -0.79 0.52 0.57
P98 0.82 -1.07 0.49
P99 1.08 0.44 0.72
P100 -0.69 0.98 0.61

